405
505 
1010
1515
2020
2525
3030
3535
4040
4545
5050
5555
6060
6565
7070
7575
8080
8585
9090
9595
10100
10605
11110
11615
12120
12625
13130
13635
14140
14645
15150
15655
16160
16665
414605
415110
415615
416120
416625
417130
417635
418140
418645
419150
419655
420160
420665
421170
421675
422180
422685
423190
423695
424200
424705
425210
425715
426220
426725
427230
427735
428240
428745
429250
429755
430260
430765
431270
431775
432280
464095
464600
465105
465610
466115
466620
467125
467630
468135
468640
469145
469650
470155
470660
470665
470669
471165
471670
472175
472680
473185
473690
474195
474700
475205
475710
476217
476219
476211
476215
476299